{"dab54fd556399afd994d48eb142743c15c1d65c1":"geom.Mat4(-0.384634, 0.157647, 0.909508, -3.00747, -0.485321, 0.803593, -0.344531, 22.2466, -0.785189, -0.573922, -0.23258, 28.2093, 0, 0, 0, 1)","d274e9d754e72ee9dbbaa483fe35fba88f871617":"geom.Mat4(-0.457619, -0.806061, 0.375299, 25.3471, -0.795248, 0.559837, 0.232729, 39.4424, -0.3977, -0.191954, -0.897211, 121.701, 0, 0, 0, 1)","136a7adb650bc164682e4be6d6b8e5cadb02bb4d":"geom.Mat4(0.734812, -0.2843, 0.615813, -66.0613, 0.0945319, 0.94198, 0.322082, -30.6868, -0.671652, -0.178455, 0.719054, -51.3029, 0, 0, 0, 1)","2b2a951417500cd7479b770edc1952ce19d4f99a":"geom.Mat4(0.872702, -0.471368, -0.127294, 3.73976, -0.405954, -0.845362, 0.347226, 57.3692, -0.271281, -0.251349, -0.929102, 78.558, 0, 0, 0, 1)","c41e273fce0be03bbaf4fd127b44c42da78ebc17":"geom.Mat4(-0.550893, 0.816239, 0.173982, 14.3678, -0.743516, -0.385313, -0.54655, 73.4801, -0.379079, -0.43045, 0.819153, 2.88706, 0, 0, 0, 1)","b7bafd6579c6235e0790b3ab1fa5da6035039423":"geom.Mat4(0.0370025, -0.140204, 0.989431, -75.2654, -0.855293, -0.516504, -0.0412033, 109.005, 0.516822, -0.844729, -0.139028, 44.7408, 0, 0, 0, 1)","dd11b7106318cbec474b3d4c4edd7ac6b85a683c":"geom.Mat4(0.187526, -0.445965, 0.875186, 16.627, -0.959479, -0.273942, 0.0659961, -21.2345, 0.210318, -0.852099, -0.479265, 12.4287, 0, 0, 0, 1)","576ffdd733c94a17ef8f17a34a2220ee7c4c71b5":"geom.Mat4(-0.624019, -0.702757, -0.341662, -17.4569, 0.506475, -0.696712, 0.50801, 29.1723, -0.595048, 0.143964, 0.790691, -1.01018, 0, 0, 0, 1)","86ade2ac4df2fb9b27f1d274a97663cf287989ad":"geom.Mat4(0.880557, -0.398216, 0.256992, -53.2094, -0.133551, 0.311786, 0.94072, 29.8872, -0.454736, -0.862679, 0.221362, 62.4463, 0, 0, 0, 1)","0d2a94fcb246f695deb3463e0aebf6885612ed24":"geom.Mat4(-0.845466, -0.481385, 0.231207, 1.28109, -0.288395, 0.775957, 0.560997, 53.9776, -0.449462, 0.407626, -0.794874, 16.4865, 0, 0, 0, 1)","f92f50480828ae0f7fe845b09876dd758eeeb9fd":"geom.Mat4(-0.0387514, -0.136409, -0.989895, 8.7214, 0.0318328, 0.989967, -0.137666, 41.3229, 0.998742, -0.0368456, -0.0340203, 18.0588, 0, 0, 0, 1)","188f0a6d24f8d7bc7c3e12cd03b7c4627262b534":"geom.Mat4(0.915601, -0.196316, 0.350906, -9.21636, -0.0325838, -0.906065, -0.421884, 41.1527, 0.400766, 0.374843, -0.835991, 13.2155, 0, 0, 0, 1)","036b742f79b268bc3ec8dec8c5bc28a0088427be":"geom.Mat4(0.85268, 0.00510977, 0.522409, 11.6323, -0.267461, 0.863243, 0.428108, 35.6246, -0.448779, -0.504764, 0.737436, 21.566, 0, 0, 0, 1)","c3923fc9aab53d7b1b81d165fa45c515bb81d417":"geom.Mat4(-0.620694, -0.379735, -0.685959, 64.885, -0.247244, 0.925047, -0.28837, 87.7044, 0.744049, -0.00939032, -0.668059, 39.6171, 0, 0, 0, 1)","a7cf0cba2df28429897b414a4d451a580d805277":"geom.Mat4(0.150882, 0.977453, 0.147721, -14.3868, 0.954636, -0.182877, 0.235008, 24.188, 0.256723, 0.105561, -0.960704, -1.25008, 0, 0, 0, 1)","c41640a7e3ddfff3dab9f03e2f30ada4162c9635":"geom.Mat4(0.37072, 0.797792, -0.475495, -7.08464, -0.896412, 0.173449, -0.407873, 45.5123, -0.242924, 0.577446, 0.779452, 0.966446, 0, 0, 0, 1)","4de468c3717aef2ee2b32e23c02773b63c9c77c3":"geom.Mat4(-0.894957, -0.251466, 0.368533, -10.7906, 0.272225, 0.346657, 0.89762, 91.0149, -0.353475, 0.903656, -0.241788, 7.03087, 0, 0, 0, 1)","db3e4ad43b6a6ad20854f7f8dc88c4b42976ee31":"geom.Mat4(0.700364, 0.712322, -0.0456967, -39.8053, 0.0828084, -0.144673, -0.986009, 104.589, -0.708967, 0.686781, -0.16031, -16.1728, 0, 0, 0, 1)","54ff005fa69abe0d95b68439047b344668b0df96":"geom.Mat4(-0.654579, -0.732284, -0.187848, 56.4413, -0.278568, 0.464627, -0.840548, 104.241, 0.702799, -0.497876, -0.508126, 47.7207, 0, 0, 0, 1)","0464a8bd4689c66c24f7e11a6317b0a8b3b2b64a":"geom.Mat4(1, -6.70552e-08, -2.6077e-08, 2.86102e-06, -7.45058e-09, 1, -2.98023e-08, 3.8147e-06, 5.58794e-08, 1.19209e-07, 1, -1.90735e-06, 0, 0, 0, 1)","3868fd4dc6811d89629ee0d9948f6bfec66f7965":"geom.Mat4(0.88141, -0.417821, -0.220325, 2.7783, -0.0864593, 0.315852, -0.944861, 39.7594, 0.464372, 0.851859, 0.242271, 23.7139, 0, 0, 0, 1)","b341d9dee0c84e7d7568eaadfebe3e48d88d87c2":"geom.Mat4(0.602677, -0.76289, 0.234051, -11.9771, 0.156003, -0.175005, -0.97213, 47.5845, 0.782588, 0.622392, 0.0135416, 56.2643, 0, 0, 0, 1)","d387932fff54bf9587b3969721758ad59e31de44":"geom.Mat4(0.452785, 0.885099, 0.107637, -2.69134, -0.869758, 0.465022, -0.165154, 21.8458, -0.196231, -0.0188389, 0.980377, 28.0105, 0, 0, 0, 1)","5a9a80c83fade3d68f12e3f4a5defe2bb897eb96":"geom.Mat4(-0.998034, 0.0528415, -0.0337222, 10.0278, 0.0625755, 0.808186, -0.585594, 34.5688, -0.00368989, -0.586552, -0.809904, 19.5043, 0, 0, 0, 1)","57475eb645613a7a03e91f97871a6e69cd6d4021":"geom.Mat4(-0.924872, -0.319216, -0.206673, 50.2255, 0.260513, -0.135936, -0.955853, 113.821, 0.277029, -0.937883, 0.208883, 30.8514, 0, 0, 0, 1)","ba6c0f3aefcafc75652480d2159fde187a00e858":"geom.Mat4(-0.0567339, -0.436869, 0.897735, 30.3468, -0.838768, -0.466859, -0.280196, 7.84311, 0.541525, -0.768889, -0.339945, 14.2961, 0, 0, 0, 1)","b2b9703cdf02f4358c2783e12871914603a5bd45":"geom.Mat4(-0.83737, 0.42124, -0.34838, 20.0042, 0.308455, 0.890275, 0.335062, -39.1313, 0.451295, 0.173111, -0.875423, 38.2546, 0, 0, 0, 1)","0b34ef29e50f3cdf1b378f8353749ec99085be9e":"geom.Mat4(0.950087, 0.0479546, 0.308279, -50.8636, -0.30117, 0.398889, 0.866132, -66.7465, -0.0814341, -0.915744, 0.393422, 20.706, 0, 0, 0, 1)","98a608ab64ec7e4387485ed1ffb8b3e0a32267d7":"geom.Mat4(0.871177, 0.48658, -0.0655045, 28.1811, 0.0752852, -0.000549868, 0.997161, 36.3732, 0.485163, -0.873636, -0.0371107, 1.81274, 0, 0, 0, 1)","e029a27acf51e0f40e6122428c5207b544a3bad6":"geom.Mat4(-0.90214, 0.177644, 0.393174, 35.3425, 0.279163, -0.454479, 0.845883, 17.5351, 0.328955, 0.872865, 0.360412, -12.7318, 0, 0, 0, 1)","fa683a9008a4c3c4103b59a2fee53450a864a01d":"geom.Mat4(-0.829362, -0.548961, -0.103924, 22.9496, -0.503334, 0.814857, -0.287513, 43.6031, 0.242517, -0.186144, -0.952123, 2.29072, 0, 0, 0, 1)","4cfa8de3362b172cabc12a50103af9d372271598":"geom.Mat4(0.454437, 0.851326, 0.262165, -55.2928, 0.103481, -0.34277, 0.933702, 2.8543, 0.884747, -0.397181, -0.243864, 10.0689, 0, 0, 0, 1)","125d827b935f3d0bbb860bd55ba6979e179670f9":"geom.Mat4(0.851655, -0.226419, -0.472673, -3.07437, -0.110855, 0.803644, -0.584696, 37.1041, 0.512246, 0.550357, 0.659327, 16.8121, 0, 0, 0, 1)","fa6241406ac6e8a8c9839934e44da7178224cc49":"geom.Mat4(-0.347965, 0.848413, 0.398894, -291.884, -0.0788876, -0.450471, 0.889298, 61.6181, 0.934183, 0.277976, 0.223677, -414.983, 0, 0, 0, 1)","72e5bf649ad06d612e568c517363349bd0c13992":"geom.Mat4(-0.195283, 0.945484, -0.260624, -16.8188, 0.979259, 0.173343, -0.104903, 58.3534, -0.0540067, -0.275705, -0.959724, 4.21265, 0, 0, 0, 1)","5cdd62accb7da1908d94e7122da76ef5082e3907":"geom.Mat4(-0.669164, 0.690813, 0.273853, -10.9827, 0.724493, 0.524502, 0.44722, 34.8807, 0.16531, 0.497669, -0.851468, 10.5289, 0, 0, 0, 1)","25808735e4f3e562b4f95c1668503c53c9b718ab":"geom.Mat4(0.24238, 0.780683, -0.576009, 14.2505, -0.89103, -0.0557572, -0.450509, 62.2914, -0.383821, 0.622434, 0.682097, 15.9161, 0, 0, 0, 1)","de6632c12a4993c6f7bbbe43935ef375abf99369":"geom.Mat4(-0.540706, 0.766849, -0.345805, 22.4967, -0.837458, -0.451912, 0.30731, 54.7412, 0.0793862, 0.455762, 0.886555, 7.48284, 0, 0, 0, 1)","ae8f5825bdc5cd39dcd3e423eaf98aeefb93ae97":"geom.Mat4(0.0382941, 0.956815, 0.288164, -34.2473, -0.14467, 0.290646, -0.94583, 96.2199, -0.988739, -0.00546892, 0.149552, 95.6657, 0, 0, 0, 1)","3635c216f102d68f9ea14191128cecd6318ac9e7":"geom.Mat4(-0.598228, 0.404007, 0.692028, -2.89329, 0.672512, -0.216458, 0.707725, 56.5098, 0.435721, 0.888777, -0.142208, -11.7795, 0, 0, 0, 1)","634c98370b7e14fa579cbe97060e21a0ddddf538":"geom.Mat4(-0.1538, 0.932671, 0.326298, -21.0135, 0.425387, -0.235561, 0.873817, 56.3286, 0.891848, 0.273195, -0.360516, 16.0889, 0, 0, 0, 1)","a7668e4479e25cf4aac57de67a9b2ec935833315":"geom.Mat4(0.396601, 0.843361, 0.362562, -20.225, -0.58376, 0.536508, -0.609413, 110.333, -0.708473, 0.0300448, 0.705099, -11.9527, 0, 0, 0, 1)","1f7ee0185c027f840714313bee002b90c1645193":"geom.Mat4(1, 0, 0, 0, 0, 1, 0, 0, 0, 0, 1, 0, 0, 0, 0, 1)","9b6fba01ef52c83ddf63c7cd0ed5bccac6f99b87":"geom.Mat4(0.0457486, -0.662721, 0.747468, -80.5592, -0.990212, 0.0686852, 0.121503, -5.14027, -0.131862, -0.745711, -0.653092, 85.8003, 0, 0, 0, 1)","db994dd3b06b380f95df97c03055a96afa4318cf":"geom.Mat4(-0.65311, -0.464927, -0.597738, 10.2274, -0.752146, 0.489885, 0.440782, 69.9843, 0.0878914, 0.737466, -0.669641, -8.83568, 0, 0, 0, 1)","568a34930debdb502dd68f3f371cbe521beff510":"geom.Mat4(-0.070922, 0.134718, 0.988343, 8.39254, -0.24719, 0.957558, -0.148259, 48.2764, -0.966369, -0.254823, -0.0346111, 27.4127, 0, 0, 0, 1)","f44fc3fbf9b35862ca9b95324715250407c25771":"geom.Mat4(0.337499, 0.762603, -0.551842, 11.9262, -0.866137, 0.0219953, -0.499322, 62.6658, -0.368647, 0.646492, 0.667943, 15.0195, 0, 0, 0, 1)","43f3620566ea0fb28d93cc61a389885a85cf407d":"geom.Mat4(-0.997128, -0.0376288, 0.0657232, 11.4053, -0.0678388, 0.0579999, -0.996009, 37.4153, 0.0336672, -0.997608, -0.0603868, 29.2441, 0, 0, 0, 1)","9987d73f06c65c55e51100582ef545e8cabb62fb":"geom.Mat4(0.511967, 0.595584, 0.619007, 6.05913, -0.788254, 0.612118, 0.0629899, 13.8515, -0.34139, -0.520184, 0.782856, 23.1662, 0, 0, 0, 1)","b7f75b5eeb853bda6830be134a694d3793ccdb8d":"geom.Mat4(0.571718, 0.661618, -0.485181, 2.76483, -0.7701, 0.228769, -0.595493, 17.4162, -0.282995, 0.714092, 0.640303, 33.6516, 0, 0, 0, 1)"}